Graph HW

1. 
Adjacency Matrix

   2 5 11 7 9 10 8 3
2  0 0  0 0 0  0 0 0
5  0 0  1 0 0  0 0 0
11 1 0  0 0 1  1 0 0
7  0 0  1 0 0  0 1 0
9  0 0  0 0 0  0 0 0
10 0 0  0 0 0  0 0 0
8  0 0  0 0 1  0 0 0
3  0 0  0 0 0  1 1 0

Adjacency List
{
	'2': [11],
	'5': [],
	'11': [5, 7],
	'7': [],
	'9': [11, 8],
	'10': [11, 3],
	'8': [7, 3],
	'3': []
}

2.
Adjacency Matrix

  1 2 3 4 5 6
1 0 1 0 0 1 0
2 1 0 1 0 1 0
3 0 1 0 1 0 0
4 0 0 1 0 1 1
5 1 1 0 1 0 0
6 0 0 0 1 0 0

Adjacency List
{
	'1': [2,5],
	'2': [1,3,5],
	'3': [2,4],
	'4': [3,5,6],
	'5': [1,2,4],
	'6': [4]
}